0 55 2328 1852 2374 1854 2391 1818 2395 1799 2481 1806 2583 1808 2682 1806 2705 1806 2711 1814 2715 1850 2732 1862 2774 1858 2791 1816 2791 1776 2799 1743 2805 1682 2803 1643 2799 1626 2793 1609 2793 1584 2770 1546 2738 1473 2742 1458 2744 1444 2732 1435 2713 1431 2703 1419 2677 1385 2661 1373 2627 1377 2592 1381 2485 1373 2428 1373 2378 1373 2368 1375 2332 1396 2305 1427 2290 1431 2278 1423 2255 1423 2238 1427 2236 1446 2255 1456 2255 1477 2238 1504 2240 1576 2236 1657 2246 1693 2261 1697 2284 1701 2301 1726 2313 1743 2311 1776 2309 1812 2315 1833 Car
1 66 720 1915 739 1919 755 1910 797 1915 822 1915 854 1904 975 1906 1055 1908 1078 1923 1101 1923 1157 1929 1199 1910 1216 1889 1216 1797 1212 1695 1210 1649 1206 1613 1199 1559 1226 1553 1241 1550 1239 1529 1218 1513 1199 1509 1185 1523 1178 1527 1149 1492 1134 1471 1109 1448 1055 1421 1013 1412 1009 1398 1011 1381 1017 1368 1002 1360 990 1356 986 1343 981 1326 956 1324 948 1333 950 1341 938 1360 921 1368 919 1379 925 1396 921 1410 879 1414 827 1444 772 1498 766 1519 751 1532 745 1509 734 1502 713 1506 699 1517 695 1529 703 1540 726 1542 737 1548 737 1569 722 1601 724 1638 722 1674 709 1718 705 1781 713 1854 713 1896 AV
2 49 498 1176 489 1159 489 1119 492 1075 494 1050 502 1031 492 1021 502 1010 515 1006 529 1010 538 1004 556 981 584 966 598 958 617 941 651 927 659 923 657 899 667 895 674 881 678 872 695 872 699 883 716 895 720 904 716 923 745 931 787 950 833 1002 873 1063 889 1079 902 1103 904 1184 896 1224 887 1239 856 1234 843 1213 806 1213 707 1213 686 1224 644 1232 621 1245 600 1245 577 1247 571 1220 561 1197 540 1180 525 1174 506 1174 AV
3 42 477 703 496 703 504 694 512 680 559 684 588 682 603 688 628 696 644 696 651 682 659 671 682 665 690 663 701 673 709 673 713 646 718 613 713 581 703 565 693 544 680 527 672 521 657 521 638 519 626 514 619 504 613 493 605 489 594 487 588 496 582 514 573 523 559 523 531 554 517 571 506 577 496 586 498 600 479 621 471 640 473 673 475 692 AV
4 30 1773 508 1783 485 1790 468 1827 464 1909 468 1936 481 1949 519 1953 571 1955 632 1953 650 1945 669 1936 671 1926 667 1919 659 1861 661 1811 663 1792 663 1777 663 1771 648 1760 644 1756 617 1756 579 1767 546 1752 539 1742 527 1748 519 1758 519 1762 523 1771 523 1773 512 Car
5 16 1838 295 1850 299 1878 301 1907 295 1926 301 1934 301 1943 293 1943 261 1934 246 1926 230 1899 226 1867 228 1852 236 1840 253 1836 265 1836 280 Car
6 11 1103 228 1122 234 1145 236 1174 232 1176 213 1168 192 1157 182 1128 182 1111 190 1103 203 1103 215 Car
7 19 879 10 904 56 938 94 927 123 808 186 795 234 797 272 768 320 716 353 567 408 469 445 370 475 249 516 108 552 18 554 2 556 2 4 772 2 864 2 Tree
8 18 1002 604 1122 539 1206 489 1346 343 1337 288 1279 257 1220 234 1153 263 1193 311 1197 330 1178 372 1128 414 1034 477 845 563 743 606 841 606 969 606 988 606 RoadFeatures
9 17 720 604 739 606 875 548 1002 489 1120 416 1185 359 1195 320 1187 286 1164 257 1105 257 1069 320 1011 389 881 464 762 516 701 546 709 567 718 581 RoadFeatures
10 26 1612 613 1712 496 1750 418 1744 370 1712 316 1693 297 1706 259 1746 269 1834 309 1905 357 1932 387 1945 464 1947 496 1922 468 1869 460 1813 460 1785 470 1773 500 1767 510 1754 512 1748 533 1756 544 1758 581 1750 617 1706 617 1635 611 RoadFeatures
11 28 1959 623 2043 623 2127 627 2171 625 2185 617 2173 500 2137 418 2072 351 1957 290 1943 284 1940 295 1924 305 1886 303 1850 303 1834 290 1832 265 1832 253 1802 249 1760 238 1746 234 1746 255 1748 263 1792 286 1865 324 1905 357 1938 395 1945 452 1951 508 RoadFeatures
12 20 1013 600 1086 602 1134 606 1153 600 1147 583 1141 556 1145 537 1168 523 1189 521 1208 521 1247 521 1264 521 1283 521 1298 506 1254 508 1210 508 1187 504 1149 525 1076 567 1025 594 RoadFeatures
13 26 1982 211 2129 238 2275 272 2520 362 2738 460 2839 546 2887 569 3280 619 3366 682 3423 743 3597 757 3814 751 3814 6 2223 6 2217 43 2219 75 2202 92 2106 96 2070 100 2043 119 1995 121 1961 129 1938 146 1922 161 1924 192 1966 207 Tree
14 48 351 655 1139 655 1197 669 1264 669 1337 669 1396 671 1480 669 1515 659 1549 653 2010 667 2183 678 2200 724 2223 887 2280 1004 2361 1165 2464 1320 2508 1375 2757 1672 2221 1674 1968 1674 1346 1670 1210 1668 711 1653 582 1649 605 1611 613 1561 588 1536 556 1523 552 1423 540 1366 475 1335 389 1326 335 1324 268 1335 177 1352 146 1368 100 1391 73 1416 69 1460 81 1509 85 1534 83 1548 12 1548 4 709 104 692 219 678 284 665 330 655 RoadFeatures
