0 15 1383 1251 1396 1247 1434 1241 1488 1236 1505 1236 1515 1247 1517 1272 1515 1285 1503 1291 1461 1295 1423 1299 1407 1303 1390 1295 1383 1283 1381 1264 Car
1 16 1888 931 1901 939 1913 958 1911 971 1901 981 1846 1000 1823 1017 1798 1023 1785 1019 1771 994 1773 979 1790 971 1806 962 1840 948 1861 939 1876 933 AV
2 13 1440 1065 1448 1073 1453 1094 1440 1115 1381 1123 1340 1132 1325 1132 1312 1119 1310 1098 1321 1079 1360 1071 1404 1063 1425 1063 AV
3 17 672 1167 684 1178 688 1195 688 1207 678 1218 642 1224 600 1232 567 1239 552 1239 538 1224 533 1207 538 1193 559 1184 596 1178 628 1169 649 1167 659 1165 AV
4 15 1147 830 1164 833 1206 820 1235 809 1254 807 1270 795 1268 778 1256 759 1243 759 1199 770 1168 776 1145 786 1136 799 1143 818 1145 822 Car
5 14 2843 755 2853 768 2906 772 2958 772 2981 766 2985 745 2983 724 2975 717 2937 715 2893 711 2862 713 2847 722 2843 732 2843 743 AV
6 14 3167 1098 3178 1121 3180 1138 3165 1151 3098 1165 3059 1167 3046 1163 3042 1149 3033 1136 3038 1126 3046 1109 3088 1098 3138 1098 3157 1098 Car
7 19 2849 10 2860 50 2874 66 2901 85 2922 140 2929 190 2962 228 3031 269 3105 276 3161 242 3172 209 3178 169 3176 148 3186 131 3186 110 3159 79 3132 52 3067 29 3065 2 Tree
8 24 3293 6 3262 39 3241 83 3222 129 3205 177 3207 230 3289 290 3324 301 3366 303 3385 303 3408 326 3456 341 3475 353 3509 370 3557 383 3597 339 3620 313 3651 257 3645 188 3638 104 3622 64 3584 41 3536 29 3502 6 Tree
9 19 3638 69 3680 48 3741 25 3766 12 3814 56 3833 87 3831 403 3793 408 3752 401 3739 376 3714 366 3703 366 3672 355 3641 334 3618 324 3645 274 3651 223 3643 150 3634 81 Tree
10 5 3289 640 3837 640 3831 728 3289 728 3287 657 RoadFeatures
11 5 3285 728 3831 726 3833 824 3285 820 3285 736 RoadFeatures
12 5 3280 818 3829 822 3831 906 3285 902 3283 826 RoadFeatures
13 5 3249 1044 3829 1044 3831 1136 3245 1140 3245 1054 RoadFeatures
14 5 3245 1138 3831 1136 3833 1239 3243 1239 3243 1142 RoadFeatures
